{
  "advancedEditorSelectedIdentifier" : "ProjectBrowser",
  "openSceneRelativePaths" : [
    "RobotScene.usda"
  ],
  "recentIdentifiers" : {
    "AF09ED6F-1707-48FD-8720-65B998362C09" : [

    ],
    "D30FB9CA-7689-4AEA-BF58-D6EE12DC024F" : [

    ],
    "D66134B1-3681-4A8E-AFE5-29F257229F3B" : [

    ]
  },
  "sceneCameraHistory" : {
    "7FA5D1DC-B376-42F5-9A2D-F3306C1CE69E" : [
      {
        "date" : 783326734.68642,
        "title" : "Untitled",
        "transform" : [
          0.9949328,
          -1.0236553e-08,
          -0.10054292,
          0,
          -0.031255726,
          0.9504526,
          -0.3092943,
          0,
          0.09556128,
          0.3108696,
          0.9456364,
          0,
          0.019925594,
          0.046920456,
          0.1436319,
          1
        ]
      },
      {
        "date" : 783326727.579829,
        "title" : "Untitled",
        "transform" : [
          0.9949328,
          -1.0236553e-08,
          -0.10054292,
          0,
          -0.031255726,
          0.9504526,
          -0.3092943,
          0,
          0.09556128,
          0.3108696,
          0.9456364,
          0,
          0.01463702,
          0.038168795,
          0.14704338,
          1
        ]
      },
      {
        "date" : 783326723.154093,
        "title" : "Untitled",
        "transform" : [
          0.9949328,
          -8.373908e-09,
          -0.10054292,
          0,
          -0.031255726,
          0.9504526,
          -0.3092943,
          0,
          0.09556128,
          0.3108696,
          0.9456364,
          0,
          0.01463702,
          0.038168795,
          0.14704338,
          1
        ]
      },
      {
        "date" : 783326719.071409,
        "title" : "Untitled",
        "transform" : [
          0.9949328,
          -4.6486175e-09,
          -0.10054292,
          0,
          -0.03125573,
          0.9504526,
          -0.3092943,
          0,
          0.09556128,
          0.3108696,
          0.9456364,
          0,
          0.014637053,
          0.038168788,
          0.14704323,
          1
        ]
      },
      {
        "date" : 783326680.96216,
        "title" : "Untitled",
        "transform" : [
          0.9949328,
          -2.0945372e-09,
          -0.100542925,
          0,
          -0.031255737,
          0.9504526,
          -0.3092943,
          0,
          0.09556129,
          0.3108696,
          0.9456364,
          0,
          0.27274886,
          0.9972368,
          2.507787,
          1
        ]
      },
      {
        "date" : 783326674.264413,
        "title" : "Untitled",
        "transform" : [
          0.9949328,
          -1.4031021e-09,
          -0.10054293,
          0,
          -0.031255737,
          0.9504526,
          -0.3092943,
          0,
          0.095561296,
          0.3108696,
          0.9456364,
          0,
          0.014637023,
          0.038168907,
          0.14704394,
          1
        ]
      },
      {
        "date" : 783316498.853596,
        "title" : "Untitled",
        "transform" : [
          0.9949328,
          -1.5018979e-09,
          -0.10054294,
          0,
          -0.03125575,
          0.9504526,
          -0.30929434,
          0,
          0.0955613,
          0.3108696,
          0.9456364,
          0,
          0.2471502,
          0.8040021,
          2.4456995,
          1
        ]
      }
    ],
    "B81D02DF-126E-43D3-B7C9-00623708D6EB" : [
      {
        "date" : 780558617.485827,
        "title" : "Untitled",
        "transform" : [
          1,
          0,
          0,
          0,
          0,
          0.7071069,
          -0.7071067,
          0,
          0,
          0.7071067,
          0.7071069,
          0,
          0.0008562454,
          0.008071804,
          0.0077864155,
          1
        ]
      },
      {
        "date" : 780558609.125615,
        "title" : "Untitled",
        "transform" : [
          1,
          0,
          0,
          0,
          0,
          0.7071069,
          -0.7071067,
          0,
          0,
          0.7071067,
          0.7071069,
          0,
          0.02204074,
          0.06430243,
          0.054206103,
          1
        ]
      },
      {
        "date" : 780558604.738156,
        "title" : "Untitled",
        "transform" : [
          1,
          0,
          0,
          0,
          0,
          0.7071069,
          -0.7071067,
          0,
          0,
          0.7071067,
          0.7071069,
          0,
          0.55483264,
          1.6186882,
          1.364533,
          1
        ]
      },
      {
        "date" : 780558601.179976,
        "title" : "Untitled",
        "transform" : [
          1,
          0,
          0,
          0,
          0,
          0.7071069,
          -0.7071067,
          0,
          0,
          0.7071067,
          0.7071069,
          0,
          8.408468,
          24.53116,
          20.679445,
          1
        ]
      },
      {
        "date" : 780558590.208995,
        "title" : "Untitled",
        "transform" : [
          1,
          0,
          -0,
          0,
          -0,
          0.7071069,
          -0.7071067,
          0,
          0,
          0.7071067,
          0.7071069,
          0,
          -6.0874186e-06,
          0.00017873116,
          0.00012683928,
          1
        ]
      },
      {
        "date" : 780558588.189921,
        "title" : "Untitled",
        "transform" : [
          1,
          0,
          -0,
          0,
          -0,
          0.7071069,
          -0.7071067,
          0,
          0,
          0.7071067,
          0.7071069,
          0,
          -6.0796738e-06,
          0.0001783371,
          0.00012636185,
          1
        ]
      }
    ],
    "D30FB9CA-7689-4AEA-BF58-D6EE12DC024F" : [
      {
        "date" : 780558707.739258,
        "title" : "Untitled",
        "transform" : [
          1,
          0,
          -0,
          0,
          -0,
          0.7071069,
          -0.7071067,
          0,
          0,
          0.7071067,
          0.7071069,
          0,
          -0.0060874224,
          0.17873073,
          0.12683892,
          1
        ]
      }
    ],
    "D66134B1-3681-4A8E-AFE5-29F257229F3B" : [
      {
        "date" : 783316266.588416,
        "title" : "Untitled",
        "transform" : [
          -0.6693273,
          3.2338763e-09,
          -0.7429677,
          0,
          -0.270075,
          0.93159086,
          0.24330606,
          0,
          0.69214207,
          0.36350834,
          -0.62353915,
          0,
          1.7900869,
          0.9401417,
          -1.6126592,
          1
        ]
      },
      {
        "date" : 783316257.155897,
        "title" : "Untitled",
        "transform" : [
          0.89600307,
          9.1583197e-10,
          -0.44404784,
          0,
          -0.1092075,
          0.96928596,
          -0.22035974,
          0,
          0.43040934,
          0.2459363,
          0.86848325,
          0,
          1.1131675,
          0.6360651,
          2.2461581,
          1
        ]
      },
      {
        "date" : 783316232.095065,
        "title" : "Untitled",
        "transform" : [
          -0.3665605,
          -3.5043257e-10,
          -0.9303942,
          0,
          -0.2824466,
          0.9528068,
          0.11127946,
          0,
          0.8864859,
          0.3035773,
          -0.34926137,
          0,
          2.2927184,
          0.785142,
          -0.9032946,
          1
        ]
      }
    ],
    "E8BE79FE-70AA-4647-AB50-805835A80F78" : [
      {
        "date" : 780558272.524034,
        "title" : "Untitled",
        "transform" : [
          1,
          0,
          0,
          0,
          0,
          1,
          0,
          0,
          0,
          0,
          1,
          0,
          0.014324035,
          0.04838191,
          0.23105402,
          1
        ]
      },
      {
        "date" : 780558267.220628,
        "title" : "Untitled",
        "transform" : [
          1,
          0,
          0,
          0,
          0,
          1,
          0,
          0,
          0,
          0,
          1,
          0,
          0.014324035,
          0.04838191,
          0.23105402,
          1
        ]
      },
      {
        "date" : 780558199.53467,
        "title" : "Untitled",
        "transform" : [
          1,
          0,
          0,
          0,
          0,
          1,
          0,
          0,
          0,
          0,
          1,
          0,
          0.018237907,
          0.0616017,
          0.29418686,
          1
        ]
      },
      {
        "date" : 780558178.6174,
        "title" : "Untitled",
        "transform" : [
          1,
          0,
          0,
          0,
          0,
          1,
          0,
          0,
          0,
          0,
          1,
          0,
          440.1367,
          73.502556,
          133.977,
          1
        ]
      }
    ]
  },
  "sceneViewportBackgroundColors" : {

  },
  "selectedSceneRelativePath" : "RobotScene.usda"
}